-- Hour 0
10	41	4.1561631576994085
37	15	3.6050075265253745
-- Hour 1
10	30	3.6197755085386074
-- Hour 2
-- Hour 3
-- Hour 4
-- Hour 5
-- Hour 6
-- Hour 7
-- Hour 8
1210	7	3.5078780415840103
-- Hour 9
1210	7	3.5078780415840103
-- Hour 10
1210	7	3.5078780415840103
-- Hour 11
1210	7	3.5078780415840103
-- Hour 12
1210	7	3.5078780415840103
-- Hour 13
225	14	3.693554203184719
-- Hour 14
109	13	3.592027933522062
-- Hour 15
109	13	3.592027933522062
-- Hour 16
109	14	3.658944162077359
9	3	3.5622337853333548
-- Hour 17
109	14	3.658944162077359
9	3	3.5622337853333548
-- Hour 18
109	14	3.658944162077359
9	3	3.5622337853333548
-- Hour 19
109	14	3.658944162077359
9	3	3.5622337853333548
-- Hour 20
17	3	3.5306806624266036
-- Hour 21
225	6	3.7832579009129983
-- Hour 22
3963	13	4.139203430288768
109	8	3.9416523442089173
489	3	3.586474541446925
-- Hour 23
3963	13	4.139203430288768
109	8	3.9416523442089173
489	3	3.586474541446925
-- Hour 24
225	14	4.16725055658475
93	6	3.621709260668894
109	2	3.845259418697666
-- Hour 25
3016	20	3.5241160650493493
225	12	3.9651232810393027
660	4	3.5151849685315195
973	2	3.5571277130581067
17	2	3.6090047793551236
1210	2	3.613223484497528
-- Hour 26
3016	20	3.5241160650493493
225	12	3.9651232810393027
660	4	3.5151849685315195
973	2	3.5571277130581067
17	2	3.6090047793551236
1210	2	3.613223484497528
-- Hour 27
3016	20	3.5241160650493493
225	12	3.9651232810393027
660	4	3.5151849685315195
973	2	3.5571277130581067
17	2	3.6090047793551236
1210	2	3.613223484497528
-- Hour 28
225	9	3.6853590485548877
-- Hour 29
225	19	4.262770811122735
93	7	3.8796553343247377
174	7	3.50551504254342
285	5	3.5347775445550713
319	4	3.8014149746184005
489	4	3.667123523049012
109	3	4.2241887224361605
1210	3	3.8134572360292194
17	2	3.7371429132941607
664	2	3.5135148305598554
-- Hour 30
225	9	3.6853590485548877
-- Hour 31
3016	20	3.5241160650493493
225	12	3.9651232810393027
660	4	3.5151849685315195
973	2	3.5571277130581067
17	2	3.6090047793551236
1210	2	3.613223484497528
-- Hour 32
225	16	4.058072539100833
489	6	3.5135562305324517
973	4	3.698780196027914
660	2	3.5204818825476947
109	2	3.7702313377435313
-- Hour 33
109	14	3.658944162077359
9	3	3.5622337853333548
-- Hour 34
225	16	4.058072539100833
489	6	3.5135562305324517
973	4	3.698780196027914
109	2	3.7702313377435313
660	2	3.5204818825476947
-- Hour 35
225	13	4.315130018462049
489	6	3.7994395196783275
93	6	4.103249857457047
285	6	3.746944241171375
174	3	3.557316424234581
664	2	3.6895068669787396
-- Hour 36
109	3	4.674853830476441
93	2	4.166508778874105
530	2	3.8883229781911437
660	2	3.5590529223911185
532	1	3.6249666206780065
17	1	3.8647137540423566
787	1	3.5188995866937596
9	1	3.8736187656775067
-- Hour 37
225	15	4.299104268201792
93	13	4.068878561254279
7911	10	3.5222177977959443
489	9	3.780678818721117
174	7	3.5235263536409933
109	4	4.499041515375826
9	3	3.857059037835311
285	3	3.695634140940453
825	2	3.8146363089090216
17	2	3.8150477385296404
-- Hour 38
109	14	3.658944162077359
9	3	3.5622337853333548
-- Hour 39
225	13	4.353881980481987
93	8	4.211685576001809
489	7	3.858098177957706
109	7	4.748277289166011
174	6	3.54839817386153
285	5	3.874580753486654
1210	4	4.229578375348162
818	3	3.7603473222565067
757	2	3.6064003488659244
41	2	4.05626968946867
17	2	3.8770953262222556
9	2	3.9224269739359543
-- Hour 40
225	16	4.058072539100833
489	6	3.5135562305324517
973	4	3.698780196027914
109	2	3.7702313377435313
660	2	3.5204818825476947
-- Hour 41
225	16	4.058072539100833
489	6	3.5135562305324517
973	4	3.698780196027914
660	2	3.5204818825476947
109	2	3.7702313377435313
-- Hour 42
225	13	4.315130018462049
285	6	3.746944241171375
93	6	4.103249857457047
489	6	3.7994395196783275
174	3	3.557316424234581
664	2	3.6895068669787396
-- Hour 43
93	14	3.904069652133081
174	13	3.5201914207676652
489	11	3.6912508009044656
225	10	4.262099496924711
109	4	4.27320887333631
532	2	3.5821268401242654
285	2	3.520695864763798
17	2	3.7494680462131624
-- Hour 44
489	4	3.750829010025909
-- Hour 45
3963	33	4.235759044079
225	12	4.225086352190703
93	11	3.8022589004917084
109	4	4.120518639969486
174	4	3.5064177310472058
489	3	3.647711842773473
973	3	3.8252305438058603
-- Hour 46
225	14	3.693554203184719
-- Hour 47
225	14	3.693554203184719
-- Hour 48
93	8	4.110399708399637
109	7	4.536668949329579
489	5	3.818772265329298
973	5	3.8732851911577257
825	3	3.861187166178991
174	3	3.548581344749886
225	3	4.316908776223863
727	3	3.512970665592561
664	3	3.7222188736476522
-- Hour 49
93	8	4.110399708399637
109	7	4.536668949329579
973	5	3.8732851911577257
489	5	3.818772265329298
664	3	3.7222188736476522
174	3	3.548581344749886
727	3	3.512970665592561
825	3	3.861187166178991
225	3	4.316908776223863
-- Hour 50
93	11	4.166761576946917
489	7	3.830747264149792
285	6	3.7991988456670076
109	5	4.683432416275445
727	4	3.6739009684655897
225	2	4.340121346264961
9	2	3.912273471111061
530	2	3.910261534869433
757	2	3.543603666512793
388	1	3.5691039626654364
14	1	3.680604764203562
-- Hour 51
93	8	4.110399708399637
109	7	4.536668949329579
973	5	3.8732851911577257
489	5	3.818772265329298
664	3	3.7222188736476522
174	3	3.548581344749886
727	3	3.512970665592561
825	3	3.861187166178991
225	3	4.316908776223863
-- Hour 52
489	4	3.750829010025909
-- Hour 53
3963	33	4.235759044079
225	12	4.225086352190703
93	11	3.8022589004917084
109	4	4.120518639969486
174	4	3.5064177310472058
973	3	3.8252305438058603
489	3	3.647711842773473
-- Hour 54
225	14	3.693554203184719
-- Hour 55
93	8	4.110399708399637
109	7	4.536668949329579
973	5	3.8732851911577257
489	5	3.818772265329298
664	3	3.7222188736476522
174	3	3.548581344749886
727	3	3.512970665592561
825	3	3.861187166178991
225	3	4.316908776223863
-- Hour 56
93	25	4.301081735707392
225	17	4.377666456173111
285	11	3.9746341177014206
489	5	3.973772058316982
818	4	3.922165866887695
41	3	4.1316429175472225
109	3	4.960176168163685
660	3	3.6150371285394467
498	2	3.589103823595169
174	2	3.57981491783126
4511	2	3.8660943390713687
697	1	3.68504005739948
-- Hour 57
93	25	4.301081735707392
225	17	4.377666456173111
285	11	3.9746341177014206
489	5	3.973772058316982
818	4	3.922165866887695
41	3	4.1316429175472225
109	3	4.960176168163685
660	3	3.6150371285394467
498	2	3.589103823595169
174	2	3.57981491783126
4511	2	3.8660943390713687
697	1	3.68504005739948
-- Hour 58
93	25	4.301081735707392
225	17	4.377666456173111
285	11	3.9746341177014206
489	5	3.973772058316982
818	4	3.922165866887695
660	3	3.6150371285394467
41	3	4.1316429175472225
109	3	4.960176168163685
498	2	3.589103823595169
174	2	3.57981491783126
4511	2	3.8660943390713687
697	1	3.68504005739948
-- Hour 59
93	25	4.301081735707392
225	17	4.377666456173111
285	11	3.9746341177014206
489	5	3.973772058316982
818	4	3.922165866887695
41	3	4.1316429175472225
109	3	4.960176168163685
660	3	3.6150371285394467
498	2	3.589103823595169
174	2	3.57981491783126
4511	2	3.8660943390713687
697	1	3.68504005739948
-- Hour 60
93	25	4.301081735707392
225	17	4.377666456173111
285	11	3.9746341177014206
489	5	3.973772058316982
818	4	3.922165866887695
660	3	3.6150371285394467
41	3	4.1316429175472225
109	3	4.960176168163685
174	2	3.57981491783126
498	2	3.589103823595169
4511	2	3.8660943390713687
697	1	3.68504005739948
-- Hour 61
93	11	4.166761576946917
489	7	3.830747264149792
285	6	3.7991988456670076
109	5	4.683432416275445
727	4	3.6739009684655897
225	2	4.340121346264961
9	2	3.912273471111061
757	2	3.543603666512793
530	2	3.910261534869433
388	1	3.5691039626654364
14	1	3.680604764203562
-- Hour 62
-- Hour 63
-- Hour 64
285	18	3.9798752927641967
225	12	4.37386184573493
93	11	4.305811972658832
973	4	3.9247149290806456
174	4	3.5782206499883267
489	4	3.983570808070157
532	3	3.65679340839849
17	3	4.042414804063612
2013	3	3.592058763234949
20	2	3.520245074403849
594	2	3.6211418754069107
704	2	3.5398091772061577
273	2	3.9229736382888225
697	2	3.686578258111791
-- Hour 65
285	18	3.9798752927641967
225	12	4.37386184573493
93	11	4.305811972658832
973	4	3.9247149290806456
174	4	3.5782206499883267
489	4	3.983570808070157
532	3	3.65679340839849
17	3	4.042414804063612
2013	3	3.592058763234949
20	2	3.520245074403849
594	2	3.6211418754069107
704	2	3.5398091772061577
273	2	3.9229736382888225
697	2	3.686578258111791
-- Hour 66
818	8	4.0192758901212935
93	8	4.336276777978472
489	7	4.047006717953813
225	5	4.389645505577203
4511	5	4.028948404342835
109	5	5.010864899012757
825	4	4.02086869988824
285	4	4.034910709540505
664	4	4.004252008676706
273	4	4.009957237810278
174	3	3.563102918820352
17	3	4.070450236015499
532	2	3.6492071509741097
1346	2	3.659833545991811
594	2	3.685970021439371
660	2	3.6394424347157477
-- Hour 67
10	43	4.165818274934422
37	16	3.658306704994602
-- Hour 68
93	7	4.167291873126893
285	3	3.787176926769931
660	3	3.5594065968414212
757	2	3.5308346154328953
530	2	3.8570389520460173
109	2	4.668589541807719
-- Hour 69
489	5	3.61169520308092
93	3	3.6797237903707654
109	1	4.070829782219587
41	1	3.5703526252032285
-- Hour 70
93	7	4.167291873126893
285	3	3.787176926769931
660	3	3.5594065968414212
757	2	3.5308346154328953
530	2	3.8570389520460173
109	2	4.668589541807719
-- Hour 71
225	14	4.374129508338555
285	9	3.998499156630787
93	9	4.311621706993001
727	8	3.8484974074384914
489	8	3.988093074412001
174	6	3.5742033062318526
594	4	3.6463966645903536
273	4	3.956005574973781
973	3	3.9187838494218443
498	3	3.6177335703912528
704	3	3.5433518709518275
109	3	4.968025432540399
4511	2	3.8729905656021137
664	2	3.9220636006753056
17	2	4.0320727200160436
1210	2	4.3125247733872465
-- Hour 72
93	11	3.967759291242456
285	9	3.6140731523886833
109	5	4.4596633253165265
489	3	3.7504538753137
9	2	3.8341173913843885
174	2	3.5236365722872
-- Hour 73
225	3	4.375616689533617
20	1	3.5078687697113624
697	1	3.670643398833749
532	1	3.645461545257953
649	1	3.5358957251656786
973	1	3.920995194237616
109	1	4.954126814689611
285	1	3.951349571600101
-- Hour 74
225	3	4.375616689533617
20	1	3.5078687697113624
697	1	3.670643398833749
532	1	3.645461545257953
649	1	3.5358957251656786
973	1	3.920995194237616
109	1	4.954126814689611
285	1	3.951349571600101
-- Hour 75
225	3	4.375616689533617
20	1	3.5078687697113624
697	1	3.670643398833749
532	1	3.645461545257953
649	1	3.5358957251656786
973	1	3.920995194237616
109	1	4.954126814689611
285	1	3.951349571600101
-- Hour 76
225	3	4.375616689533617
20	1	3.5078687697113624
697	1	3.670643398833749
532	1	3.645461545257953
649	1	3.5358957251656786
973	1	3.920995194237616
109	1	4.954126814689611
285	1	3.951349571600101
-- Hour 77
225	3	4.375616689533617
20	1	3.5078687697113624
697	1	3.670643398833749
532	1	3.645461545257953
649	1	3.5358957251656786
973	1	3.920995194237616
109	1	4.954126814689611
285	1	3.951349571600101
-- Hour 78
225	3	4.375616689533617
20	1	3.5078687697113624
697	1	3.670643398833749
532	1	3.645461545257953
649	1	3.5358957251656786
973	1	3.920995194237616
109	1	4.954126814689611
285	1	3.951349571600101
-- Hour 79
225	14	4.374129508338555
285	9	3.998499156630787
93	9	4.311621706993001
727	8	3.8484974074384914
489	8	3.988093074412001
174	6	3.5742033062318526
594	4	3.6463966645903536
273	4	3.956005574973781
498	3	3.6177335703912528
109	3	4.968025432540399
973	3	3.9187838494218443
704	3	3.5433518709518275
4511	2	3.8729905656021137
664	2	3.9220636006753056
17	2	4.0320727200160436
-- Hour 80
225	14	4.374129508338555
93	9	4.311621706993001
285	9	3.998499156630787
727	8	3.8484974074384914
489	8	3.988093074412001
174	6	3.5742033062318526
273	4	3.956005574973781
594	4	3.6463966645903536
498	3	3.6177335703912528
109	3	4.968025432540399
704	3	3.5433518709518275
973	3	3.9187838494218443
4511	2	3.8729905656021137
664	2	3.9220636006753056
17	2	4.0320727200160436
-- Hour 81
93	7	4.167291873126893
285	3	3.787176926769931
660	3	3.5594065968414212
757	2	3.5308346154328953
530	2	3.8570389520460173
109	2	4.668589541807719
-- Hour 82
489	5	3.61169520308092
93	3	3.6797237903707654
41	1	3.5703526252032285
109	1	4.070829782219587
-- Hour 83
225	2	4.338592457864966
489	2	3.8248834556560936
825	1	3.8743210405611617
660	1	3.555494628575662
-- Hour 84
489	4	3.8252385221691716
93	4	4.166486612050879
285	3	3.7897705146345437
973	2	3.881584170920372
225	1	4.33873393411399
532	1	3.626385926141734
825	1	3.8895790837886355
530	1	3.893750250331012
109	1	4.6757023526430315
9	1	3.9045054817284264
-- Hour 85
93	11	4.166761576946917
489	7	3.830747264149792
285	6	3.7991988456670076
109	5	4.683432416275445
727	4	3.6739009684655897
9	2	3.912273471111061
757	2	3.543603666512793
530	2	3.910261534869433
225	2	4.340121346264961
174	1	3.5551920294377974
-- Hour 86
285	16	3.841435989743717
93	12	4.180469697225078
109	7	4.694976446012024
489	6	3.8302528409478622
225	3	4.341107662081125
9	2	3.911373923894871
787	2	3.5224672547407154
530	2	3.9218507241218483
973	2	3.886976099811566
388	2	3.5685493391173138
-- Hour 87
93	11	4.18976661995141
489	11	3.8412278402586635
285	10	3.8449796867145545
225	10	4.340939247900461
109	5	4.7021495980035874
818	4	3.7071469875896894
174	3	3.553031639184507
9	3	3.9322905186557167
973	2	3.9053892135743427
697	2	3.6071172551477226
664	1	3.770645183660337
-- Hour 88
93	15	4.203958064907005
225	10	4.3453291422201525
109	9	4.717750167089607
489	9	3.8519928400850127
285	9	3.8529917998948395
174	5	3.551545379439898
4511	2	3.6893987638752166
757	2	3.5772292573107536
388	2	3.5781726538651606
1210	2	4.226275589165758
9	2	3.9257231050114747
-- Hour 89
109	11	4.74797230629235
225	11	4.349873911228166
285	8	3.856698345640196
93	8	4.208207458577726
174	6	3.5541741478277182
41	3	4.049274152803797
818	3	3.7257504693299337
388	2	3.594151793037607
489	2	3.852210829718275
-- Hour 90
225	13	4.353881980481987
93	8	4.211685576001809
109	7	4.748277289166011
489	7	3.858098177957706
174	6	3.54839817386153
285	5	3.874580753486654
1210	4	4.229578375348162
818	3	3.7603473222565067
532	2	3.633882707708765
757	2	3.6064003488659244
4511	2	3.7170205190753536
17	2	3.8770953262222556
9	2	3.9224269739359543
41	2	4.05626968946867
-- Hour 91
489	12	3.872244172845897
93	11	4.2196436009447185
225	11	4.3605383181844015
109	9	4.778330478209417
174	5	3.5461682499115037
727	5	3.695392532944145
285	3	3.876922832733254
530	3	3.9353352684777385
532	2	3.6162216568684866
4511	2	3.7216427571955246
17	2	3.893777016224297
-- Hour 92
109	18	4.83241265292322
489	12	3.891000304865091
225	10	4.3602126578801785
174	6	3.552528573732103
93	6	4.227182423099239
1210	4	4.238233782384255
4511	4	3.7440111867873065
285	4	3.8851779285535066
727	3	3.7044667512516587
825	2	3.8986446980293263
-- Hour 93
109	14	4.847553251106743
225	13	4.367766589139446
285	5	3.892310358600846
93	5	4.2298186164261296
4511	4	3.781296226965669
174	3	3.550221479752749
489	3	3.8937669081067137
1210	3	4.235611243204229
664	2	3.778425672074692
-- Hour 94
225	13	4.362108551062796
273	9	3.8638890550835696
109	9	4.858668118337065
174	8	3.5516563668049597
489	6	3.8983079430911096
4511	4	3.8125250217855644
285	4	3.897441837940525
17	3	3.912028385377611
-- Hour 95
225	12	4.360998892068706
109	9	4.87752722347626
174	8	3.551500590523414
489	6	3.8921453549454537
4511	6	3.8326511128382417
93	5	4.237241261820076
973	5	3.9151116417347707
273	4	3.8655467927746368
1210	4	4.236639585088729
17	3	3.9853328701537882
285	3	3.897321389647444
818	2	3.8270523991119343
532	2	3.6287910503429464
-- Hour 96
225	11	4.363358277337112
489	8	3.899360199318973
93	7	4.247457530089907
273	7	3.901970886929745
174	5	3.560345322744168
818	4	3.8402101759552205
530	4	3.955940690413241
285	3	3.9078565915486783
973	3	3.920159859329259
4511	3	3.8621246437801577
109	2	4.879456740604535
41	2	4.071285730455736
-- Hour 97
489	9	3.909423371319909
174	6	3.5600581778716864
285	4	3.9145498054647776
93	4	4.248169761975874
4511	3	3.8590809646001167
225	3	4.365360551272365
664	2	3.792417203855536
532	2	3.6319122320513677
727	2	3.7340145305885
109	2	4.88504428759384
-- Hour 98
727	11	3.754214753834325
489	11	3.941091514412041
109	6	4.890249055561165
664	5	3.830398754260312
93	5	4.253447211668023
285	4	3.9177751794425837
825	3	3.900198235161718
532	3	3.635352721223742
757	3	3.658958765939797
41	3	4.069850675963523
9	3	3.9580296729645403
818	2	3.8452197911444523
174	2	3.557949203787595
225	2	4.368137631534703
-- Hour 99
489	8	3.9419014372161363
109	8	4.903861071327458
818	5	3.8769603430369797
388	4	3.6633257824978918
93	3	4.257305351982239
973	3	3.9251130023558214
664	3	3.84833850201695
225	2	4.369193287471015
727	2	3.764775768728824
825	2	3.914387735074457
660	2	3.60417721365597
-- Hour 100
93	11	4.26203023579554
109	9	4.915884893579943
285	6	3.915832941175341
530	6	3.9975969332231465
489	5	3.944341720903979
1210	5	4.279714960479891
727	4	3.7733920978035127
818	4	3.8807709282383227
41	3	4.103091154030761
594	3	3.5967748502894086
9	3	3.972021521153012
17	3	4.009011307527078
973	3	3.924935685741125
174	2	3.5719664566027927
-- Hour 101
109	9	4.925433726979904
285	6	3.911435740241399
93	5	4.267697918202461
973	4	3.9272155364776644
590	4	3.5124227683005285
489	4	3.9533783572175865
498	3	3.5328785000841862
532	2	3.6362281937028693
594	2	3.6121166946515575
825	2	3.930235506140118
273	2	3.9075475788167524
-- Hour 102
489	8	3.9646938518152237
93	8	4.272141790268277
1210	7	4.303156194101901
109	7	4.941225118924101
1495	7	3.5386586849987443
285	6	3.9295149387686283
273	5	3.925920216757519
41	4	4.125842935401313
664	4	3.8590995566369157
825	3	3.9453412852519314
973	3	3.9232142717149143
727	3	3.8112016983982224
660	3	3.591927784906898
530	3	3.995529879133783
-- Hour 103
93	11	4.278438043134516
285	8	3.9374583800356726
757	3	3.7258895016207054
489	3	3.97006499077712
973	3	3.9250346941806087
594	3	3.6251555795367123
608	2	3.5129577062776325
737	2	3.5491819571021774
664	2	3.8660925415779026
530	2	3.9886929018306163
787	2	3.630009310622228
-- Hour 104
973	4	3.92861313423593
285	4	3.9490620929585902
660	2	3.6047957897491125
2013	2	3.5008172386484246
17	2	4.01420897605844
388	2	3.6829418595072907
737	2	3.5640204319671756
174	1	3.5819726954295006
664	1	3.8677949814177475
-- Hour 105
973	3	3.9215993079400806
727	2	3.819093551700107
608	2	3.551608671431838
664	2	3.874848539122433
93	2	4.2783089643444105
9	2	3.9998092312705755
2013	1	3.538613757107261
489	1	3.9716666345701004
-- Hour 106
664	2	3.900589715237901
109	2	4.953563177487749
225	2	4.370684094919782
660	1	3.603880901105402
787	1	3.6451576461188835
757	1	3.723953846550673
-- Hour 107
489	2	3.9696762797762237
973	2	3.921398021034537
174	1	3.5799196314965704
14	1	3.7219434318091738
109	1	4.953592608552022
9	1	3.9951370558192307
-- Hour 108
225	3	4.375616689533617
20	1	3.5078687697113624
697	1	3.670643398833749
532	1	3.645461545257953
649	1	3.5358957251656786
973	1	3.920995194237616
109	1	4.954126814689611
285	1	3.951349571600101
-- Hour 109
285	3	3.9503593581061587
530	2	4.010328078254609
225	1	4.37599290636595
93	1	4.279532161774326
17	1	4.027368635197306
973	1	3.9218664036108266
109	1	4.954684388449797
-- Hour 110
93	6	4.280761063495563
285	5	3.9634280676714995
704	3	3.5297897656019694
225	3	4.376358975634671
489	3	3.9666170416414572
174	2	3.5790828143063997
532	2	3.6526851602702424
727	1	3.820931260513777
-- Hour 111
93	13	4.283717886302901
225	12	4.3768958730694285
285	10	3.9741515662042413
973	4	3.9312398306331873
489	4	3.9706752182462624
174	4	3.578512490679125
664	3	3.9018835964472456
9	3	4.005655091927954
1495	1	3.539568911041658
-- Hour 112
93	25	4.301081735707392
225	17	4.377666456173111
285	11	3.9746341177014206
489	5	3.973772058316982
818	4	3.922165866887695
41	3	4.1316429175472225
109	3	4.960176168163685
660	3	3.6150371285394467
174	2	3.57981491783126
4511	2	3.8660943390713687
498	2	3.589103823595169
-- Hour 113
285	18	3.9798752927641967
225	12	4.37386184573493
93	11	4.305811972658832
489	4	3.983570808070157
973	4	3.9247149290806456
174	4	3.5782206499883267
2013	3	3.592058763234949
17	3	4.042414804063612
532	3	3.65679340839849
20	2	3.520245074403849
704	2	3.5398091772061577
697	2	3.686578258111791
273	2	3.9229736382888225
594	2	3.6211418754069107
-- Hour 114
225	14	4.374129508338555
93	9	4.311621706993001
285	9	3.998499156630787
489	8	3.988093074412001
727	8	3.8484974074384914
174	6	3.5742033062318526
594	4	3.6463966645903536
273	4	3.956005574973781
498	3	3.6177335703912528
109	3	4.968025432540399
704	3	3.5433518709518275
973	3	3.9187838494218443
4511	2	3.8729905656021137
17	2	4.0320727200160436
664	2	3.9220636006753056
1210	2	4.3125247733872465
-- Hour 115
285	11	4.016844788374662
225	9	4.3783152315859555
109	9	4.977296443361298
93	8	4.317640775732522
4511	7	3.8953417358309728
973	5	3.913473753921065
757	5	3.776887194439359
174	5	3.5737194137065273
532	4	3.647884233868371
489	3	3.990189282236179
649	3	3.580892501838191
664	2	3.936226007383739
530	2	4.029638657237166
-- Hour 116
4511	18	3.9074194394714508
109	11	4.991562787000111
285	10	4.026591438733043
225	10	4.377097585493661
93	8	4.3222183502003055
489	7	4.000637889480308
1210	5	4.317750958590224
174	5	3.572166695737469
727	3	3.8557062968934486
498	2	3.6492754189216656
1495	2	3.5709706002537946
451	2	3.5075971806730184
41	2	4.149874762158054
-- Hour 117
4511	18	3.9812726555429356
225	12	4.38482282373476
489	9	4.005816302422331
174	9	3.5673620815064506
109	7	4.999204926420407
727	5	3.867260425859655
93	5	4.321912509863951
825	4	3.961902426941277
285	3	4.026590948681746
1210	3	4.327371177543628
-- Hour 118
225	9	4.3912411678015655
4511	8	4.013451127388099
174	8	3.565203584752506
285	8	4.02699513695781
93	7	4.328642187438954
489	5	4.021642241637525
818	4	3.9640171233828854
973	3	3.913428954032657
697	2	3.7057079980356935
737	2	3.5588952309661885
109	2	5.001657438890696
1210	2	4.345027693016399
825	2	3.966151749862985
-- Hour 119
225	17	4.389267473509429
489	11	4.032821985470833
4511	7	4.017958638811675
174	6	3.5657484473212318
973	6	3.9144419901158987
1210	4	4.346280473936181
109	4	5.002034088069257
727	3	3.880125946839364
41	2	4.153942304412484
285	2	4.0282776492709385
532	2	3.6516440520053925
17	2	4.051770291859663
825	2	3.973437329196069
-- Hour 120
1210	16	4.313947451020326
225	11	4.386433894344652
273	11	3.9945492790860904
174	8	3.5628537172357846
727	8	3.9024822580943557
93	7	4.332349379062659
4511	6	4.021754530622307
489	6	4.034656885309512
973	4	3.9131686535918555
285	4	4.030426299897751
825	3	3.9933706563245814
660	3	3.6348366299834254
704	3	3.591768895947432
109	3	5.008997245362532
590	2	3.543499520426065
41	2	4.147986577739782
-- Hour 121
818	8	4.0192758901212935
93	8	4.336276777978472
489	7	4.047006717953813
225	5	4.389645505577203
4511	5	4.028948404342835
109	5	5.010864899012757
285	4	4.034910709540505
664	4	4.004252008676706
273	4	4.009957237810278
825	4	4.02086869988824
174	3	3.563102918820352
17	3	4.070450236015499
532	2	3.6492071509741097
1346	2	3.659833545991811
594	2	3.685970021439371
660	2	3.6394424347157477
-- Hour 122
489	13	4.060525085440666
273	11	4.0285422685644585
109	8	5.022668068450481
818	6	4.0631823313983935
1346	6	3.736350705330325
1466	5	3.5794427173055188
93	5	4.335586393278965
225	4	4.389511513724424
825	3	4.034814916549005
973	3	3.912074748072713
1210	3	4.334619239305721
737	2	3.5994885401781445
590	2	3.554011418208518
-- Hour 123
825	9	4.113015971343669
93	7	4.334512082341153
14903	6	3.520392546479874
489	5	4.0628865237739005
41	4	4.160187310778369
818	4	4.0707022191128415
225	3	4.39328250664853
285	3	4.038336788837453
109	3	5.025889754608619
664	2	4.016767174840739
578	2	3.521434938362748
1346	2	3.7433541669889756
590	2	3.55088891391685
273	2	4.0263182396003545
727	2	3.921240402256474
-- Hour 124
14903	8	3.5688038729966554
109	6	5.035306500469054
285	6	4.0455311951795005
530	4	4.058982389814178
489	4	4.067262152245279
737	3	3.62831312117298
590	3	3.5745088701185153
41	3	4.176172785322979
546	3	3.597178444019954
225	2	4.395769805362102
1495	2	3.619331137675849
388	2	3.783754155129821
727	2	3.928585239414396
660	2	3.6312075209610004
-- Hour 125
590	7	3.6496831829752376
973	6	3.913482713054683
9	4	4.0784642081801685
388	3	3.779568896112829
489	3	4.070966093830409
285	3	4.051017886897871
704	3	3.637860099522645
14903	2	3.5779290630124327
41	2	4.1854344232232625
594	2	3.698349111043485
17	2	4.091598385550303
-- Hour 126
93	5	4.3370547845353515
109	5	5.04324165487717
489	4	4.075191792583435
285	4	4.055456413206975
818	4	4.110844845816266
530	3	4.075415513242431
787	2	3.6941963729204867
41	2	4.1942997426396085
727	2	3.932672373080894
-- Hour 127
285	10	4.062820780896393
93	9	4.347605315320219
973	6	3.92210146007657
109	4	5.047091147750718
757	3	3.8518922255463712
704	3	3.6503356681285832
388	2	3.796152433306061
41	2	4.208079757761774
225	2	4.396457342118881
530	2	4.0722772282025685
9	2	4.096936491979674
-- Hour 128
973	4	3.9260996789390945
2478	3	3.50741005634166
697	2	3.704048880028539
489	2	4.079828851367415
608	2	3.678544106137989
590	2	3.679441193547626
530	2	4.078683027382441
285	2	4.0685752916662175
93	2	4.3492180156429425
109	2	5.048327617203991
825	1	4.114700371399808
-- Hour 129
825	2	4.11955785073673
93	2	4.350945549922387
41	2	4.216377448498557
1346	1	3.7412968459692655
608	1	3.6873192073992587
578	1	3.5188486534672316
532	1	3.650909440818606
-- Hour 130
174	1	3.5677868079955326
608	1	3.6911201300359484
818	1	4.1214790405852115
-- Hour 131
973	2	3.923529357980189
20	1	3.5256306276664464
608	1	3.7008179405313744
93	1	4.351923589764735
757	1	3.873635503495871
9	1	4.108582094530898
-- Hour 132
973	2	3.9279348055647048
608	2	3.704894768469622
9	2	4.114966528128437
532	1	3.65065918525729
489	1	4.0822223087156635
660	1	3.6253763784062802
285	1	4.071724520207802
-- Hour 133
489	7	4.091479715264208
174	2	3.5717771730411156
20	1	3.5373287619428795
225	1	4.3982341829772045
530	1	4.085103479409179
109	1	5.053179560530481
9	1	4.113580539278409
-- Hour 134
489	5	4.092498426817621
225	4	4.399058817563337
9	2	4.1181524009450134
174	2	3.5728125045757335
285	2	4.072097624238039
818	2	4.125150774984115
608	1	3.7263191458504497
532	1	3.645398986940085
93	1	4.351628871718752
825	1	4.118844582124299
498	1	3.689188583638961
973	1	3.9291371254844503
-- Hour 135
225	11	4.397048280818266
93	9	4.34930492738875
489	9	4.097971191955455
285	7	4.085839012946172
174	6	3.574337631374281
273	4	4.032953763711605
109	3	5.05883145395893
37	2	3.9384233792621792
1346	1	3.753330650569576
664	1	4.010965522549103
-- Hour 136
225	14	4.394435889590984
93	10	4.353018105883368
285	9	4.088891264623126
319	9	3.9059469747900204
489	6	4.099564865093941
787	3	3.726790268416089
14903	3	3.5866078721477037
109	3	5.061947953164448
41	3	4.22173339158634
973	3	3.942274149118402
727	2	3.9268073839940607
608	2	3.738680922262406
594	2	3.7102743230791724
818	2	4.149257675900534
-- Hour 137
285	21	4.09061742451897
225	13	4.397502235359748
93	9	4.359607134195413
174	9	3.5704710439939187
489	7	4.105271456387251
109	5	5.066932033888779
727	4	3.9291042703729677
273	3	4.041884525053224
14903	3	3.598222836544485
594	3	3.757062325367127
697	3	3.7620788954155127
649	2	3.6188308522022505
787	2	3.740227443994463
590	2	3.685613904403926
41	2	4.223799262517068
532	2	3.635712030081119
-- Hour 138
225	12	4.392703038046907
93	9	4.367288686867177
174	8	3.567732370245659
109	7	5.073062850796175
285	7	4.089647068424795
489	6	4.10699493881354
1210	4	4.341536163480381
530	3	4.087167540415952
14903	3	3.598979811751677
1495	2	3.60987295034442
649	2	3.6275596053478205
388	2	3.818578350814805
498	2	3.689032853565317
2013	2	3.625396734080189
973	2	3.943741600192467
-- Hour 139
93	14	4.367855398391699
225	12	4.398083088836704
489	11	4.117512717325207
285	9	4.099141441994878
14903	8	3.6595390023424166
174	6	3.566701224637978
818	5	4.148213969764768
727	5	3.9480860305541454
109	4	5.078654394127511
532	3	3.621460997068866
4511	3	4.038296391315064
664	3	4.016079094668803
530	3	4.095873126454907
704	3	3.679053344027258
2478	3	3.540812717795437
41	2	4.240010410587214
594	2	3.759660134060751
825	2	4.107459098913321
-- Hour 140
4511	12	4.0534388768446945
93	8	4.3695034532920936
225	8	4.398620908936181
489	7	4.127435376345193
174	6	3.5630703186180916
285	6	4.101315245229428
109	6	5.081846768226709
825	4	4.114969393917596
5153	4	3.514102910289014
1210	4	4.343688148532688
594	4	3.764500603835358
818	4	4.185046821514296
14903	3	3.6734782960858934
451	3	3.510763492461366
546	3	3.6510813688245674
704	3	3.7085599557221904
388	3	3.8370486247600737
17	3	4.109967889079741
41	2	4.24676434619239
727	2	3.9537899974031863
-- Hour 141
225	12	4.397025147571947
4511	10	4.077267348241804
41	9	4.280803641067726
285	8	4.106474801165135
489	8	4.140016940746662
109	7	5.09017311544326
594	5	3.7990223722929244
727	5	3.9657502426685123
93	5	4.371145351739735
818	4	4.195870354228107
174	4	3.566843796892872
825	4	4.140203066878072
1210	4	4.352622508859255
17	3	4.123219706940348
1373	3	3.5388058327484866
2478	3	3.5967973960598845
704	3	3.703824910729433
697	3	3.7814488495350576
556	2	3.508349356676648
-- Hour 142
225	17	4.402519544692113
174	10	3.562082454607286
93	8	4.379003156727198
489	7	4.143728823518349
530	6	4.109374241128122
4511	6	4.0779607261902315
109	5	5.088725161242943
1495	5	3.654761565036716
1210	5	4.363705551537684
825	5	4.151252731818303
649	5	3.697119793794771
818	4	4.227768427748834
41	4	4.297911480243056
556	3	3.549443055929111
285	3	4.108814723521729
704	3	3.723337101033057
737	2	3.74592318494776
727	2	3.9646656369255533
347	2	3.5291645337414446
1373	2	3.5692802445104994
594	2	3.8026422564583924
-- Hour 143
825	20	4.180945834394765
225	13	4.399660637534539
1210	9	4.361527538730419
174	8	3.5615415171722513
93	7	4.386384131577293
285	7	4.107279392976586
41	7	4.325036473428443
109	6	5.0948526014392765
489	6	4.1457197664903545
14903	5	3.6813748527528554
818	3	4.2341526207909235
727	3	3.9740488727190306
530	2	4.114840249512378
1495	2	3.671939198990259
532	2	3.629391058295983
451	2	3.531751124515883
-- Hour 144
1210	13	4.38687535050971
225	12	4.398684798729268
109	11	5.095912017822014
174	7	3.5654095504564176
825	6	4.231870653906288
93	5	4.391932817302106
489	4	4.149742198716515
818	4	4.238309442879021
285	4	4.108575231171353
727	4	3.9905118719235038
530	3	4.112173338984438
590	3	3.6730482405896367
4511	3	4.094980110816807
664	2	4.04376686067651
649	2	3.6864620317285985
14903	2	3.684145516664322
973	2	3.9439623697922417
-- Hour 145
109	13	5.100252129433849
93	5	4.3985058293295625
285	4	4.1098232504049905
489	4	4.150021405027561
818	4	4.257048358212529
556	4	3.573005701356656
578	4	3.5784350760756465
649	3	3.7045491912522968
225	3	4.398570389007444
697	3	3.807229656708591
825	3	4.229271823412974
704	3	3.750148038120435
388	2	3.8457251055394077
532	2	3.6266132978248056
4511	2	4.099051035412769
174	2	3.565828567512315
1346	2	3.803390703549457
41	2	4.336727950625073
727	2	3.9993197681083466
-- Hour 146
109	12	5.102146221007725
93	11	4.4040842516147904
1639	11	3.6345244900183977
174	8	3.561045909972628
5153	6	3.511114716861194
489	5	4.150757352250992
697	4	3.8376274938362944
556	4	3.6111250099750283
664	4	4.05177871894631
1210	4	4.400830544125663
530	4	4.109060636939182
818	3	4.260907176136528
285	3	4.112371916183094
608	3	3.8035933776850057
41	3	4.348945697471513
1511	3	3.5507564012091946
649	3	3.7145193200794075
388	2	3.848280013032465
737	2	3.7557453389125803
590	2	3.6900630993633254
-- Hour 147
109	21	5.104098073069413
93	6	4.409855272397237
825	5	4.248868024165726
697	5	3.8646030190378844
41	4	4.36945292918438
578	4	3.6347932195753447
530	4	4.106812090518664
285	3	4.111524331207044
818	3	4.2640989587297256
594	3	3.84117411770909
-- Hour 148
109	17	5.1017433268717
93	10	4.4180986134922
530	7	4.117227648302475
388	7	3.9027395794946416
757	5	3.935772303777277
649	4	3.7556825518022223
787	3	3.7640329419144254
2478	3	3.6426725756911167
285	3	4.116250490660844
1495	3	3.7314946863609086
489	3	4.158378811135441
825	3	4.27509456694947
578	2	3.64526566861818
532	2	3.6191204792094727
590	2	3.7177599781480644
-- Hour 149
109	12	5.107377152759887
530	10	4.13758616608705
1532	8	3.518031719556369
93	8	4.421787070948585
2478	3	3.656491925833189
9	3	4.147032877444143
704	3	3.7816691305545977
973	3	3.947926822477278
5153	3	3.5043293373134405
1639	3	3.6759671294584058
727	3	4.004870228818766
388	2	3.911066757865963
578	2	3.6423577428388363
919	2	3.569796018519973
-- Hour 150
109	9	5.10867817117485
530	5	4.146314710512563
5153	5	3.5428902311977692
594	4	3.871077125846372
973	3	3.946846884988241
285	3	4.118570757425904
9	3	4.14501220672911
825	3	4.282211471033944
489	3	4.161646799462894
737	2	3.788257262386471
608	2	3.8394773338774
93	2	4.422432551685339
41	2	4.385087704878426
-- Hour 151
93	13	4.424405258210163
285	8	4.123764860161243
109	5	5.1122496502670804
41	3	4.389117963353916
660	3	3.6470473149298206
530	3	4.146923780150679
787	3	3.7934290592304416
1125	3	3.5503206592999215
594	2	3.8722284814837526
973	2	3.9446819781191795
388	2	3.9163385008182607
17	2	4.183176877290018
-- Hour 152
93	3	4.425190704061091
225	3	4.405115264778078
973	3	3.9500824984831557
109	2	5.112708608591585
757	2	3.9470696084107457
578	1	3.665261741410604
697	1	3.8853004226142978
2013	1	3.681483427097579
388	1	3.9144078554430917
660	1	3.642645005650361
-- Hour 153
578	4	3.7195322508415463
9	3	4.158596331176401
388	1	3.916326597642273
818	1	4.284642246658251
660	1	3.6425828562878086
973	1	3.946818663975121
109	1	5.115446313493839
-- Hour 154
973	3	3.9492808678917566
608	1	3.850036860674548
1210	1	4.412120256750191
489	1	4.163341540181937
818	1	4.2993713254477885
660	1	3.6415417249948883
109	1	5.1158538439072965
9	1	4.161228972461908
1373	1	3.594170675388524
-- Hour 155
489	2	4.163826632775732
973	2	3.956647473976134
1511	1	3.5581788708367434
93	1	4.425240050594623
2013	1	3.680468985736467
757	1	3.9535072201833823
9	1	4.1628526511843615
285	1	4.123039492523153
-- Hour 156
93	6	4.424241224503547
285	5	4.123463076330553
489	3	4.1641732508032785
9	2	4.162305025131622
225	2	4.40465641089317
174	1	3.5611371533555918
608	1	3.8513992982655294
737	1	3.8014150708085723
2013	1	3.683950148706612
1125	1	3.5555879181173524
530	1	4.14883354412982
109	1	5.116971458150789
757	1	3.951747569475987
-- Hour 157
285	10	4.129974982454743
93	10	4.428284953017541
489	4	4.1672627839046505
787	3	3.8447694866500126
664	2	4.0510591365470905
109	2	5.116456191763454
530	2	4.151326753471738
174	2	3.559597920786689
825	2	4.281902675200126
388	2	3.91482796106421
225	1	4.404318923366917
737	1	3.792853916058047
-- Hour 158
285	17	4.140016517607795
93	17	4.434099773055775
787	7	3.903659975653119
109	7	5.119282855967354
489	6	4.16515596184453
388	3	3.931908148045141
704	3	3.7879219995624283
41	2	4.396823818707977
225	2	4.403816048461861
757	2	3.975279046401957
9	2	4.166722752418076
973	2	3.960268657747965
14	2	3.8625577966860978
-- Hour 159
225	13	4.400277263867017
93	12	4.446096184496796
285	11	4.164139010413655
973	6	3.971699091146036
109	4	5.121206953641395
489	4	4.166499569061142
649	3	3.7766554926846747
787	3	3.951048254859985
451	2	3.5246643523173034
41	2	4.415043876471735
9	2	4.158015453670642
757	2	3.998153543261925
608	2	3.8729957055082704
697	2	3.90464436380027
530	2	4.163397664358794
14	2	3.865507857657258
825	2	4.294252097872124
17	2	4.1901048280018145
-- Hour 160
225	16	4.401667392837645
93	12	4.4526423393542265
285	11	4.170023853342775
489	6	4.167152675860417
319	5	3.9266829429631245
109	3	5.123339885801189
451	2	3.5188547172227267
174	2	3.5603626900128957
613	2	3.570178990855344
594	2	3.8890201504577777
787	2	3.959482735463164
973	2	3.9780529915138656
1125	2	3.5659748209840707
80	1	3.573017092238647
-- Hour 161
225	17	4.400671028881736
93	16	4.458167122043539
285	15	4.183297865684352
649	4	3.7980341373941005
174	3	3.5591929195442518
489	3	4.165527983715416
388	3	3.9532389180562943
973	3	3.9819034704017424
530	3	4.178223975928894
109	3	5.125439821507577
273	3	4.045255169263225
20	2	3.5776118512490944
697	2	3.909721751762744
594	2	3.8981182830464554
2013	2	3.7096618745079257
-- Hour 162
225	16	4.399818738824177
93	9	4.461095792140223
489	9	4.170432323312415
285	9	4.18962934762594
174	6	3.5561433689588884
530	4	4.180557682114825
532	3	3.6276137663727632
109	3	5.127221291689703
664	3	4.060435320655519
818	2	4.303033195164896
578	2	3.7491492217468565
41	2	4.425403762176758
1499	2	3.5120520068542
388	2	3.9564848549258014
757	2	4.0128671585137905
973	2	3.9844845174647308
697	2	3.9157120819215105
825	2	4.285948244253684
-- Hour 163
225	17	4.403509134432996
93	9	4.464552085813964
285	9	4.191458604000841
489	8	4.166160676019155
174	6	3.560151138421638
530	5	4.195711584013208
818	5	4.312734691849647
649	3	3.8132064589905155
787	2	3.9733735396264485
608	2	3.89460757000604
41	2	4.4294477209099785
664	2	4.085837484698369
973	2	3.994002947785445
2013	2	3.7323040340956672
825	2	4.2928595691847145
-- Hour 164
3016	22	3.83548410558749
225	15	4.405979089593363
93	8	4.470133060258638
109	8	5.140616866631799
489	6	4.164895199444388
174	5	3.558740980973611
285	5	4.197161075444883
818	3	4.33219191086355
704	3	3.7998990061760534
20	2	3.594255950184512
578	2	3.7760890827795843
973	2	3.9903283660716813
-- Hour 165
225	13	4.402842274496476
489	10	4.169039434543063
285	7	4.2018815712524225
93	7	4.47312371871315
109	5	5.1504934521027295
388	4	3.980939795447414
530	2	4.201353390548254
697	2	3.9242423571955545
825	2	4.291344287316913
-- Hour 166
22555	34	3.725726395945405
285	16	4.214640688119116
225	14	4.4013490234568655
93	13	4.479066119721907
174	5	3.5570965188374055
489	5	4.1683111767922485
109	4	5.158005662376848
2478	3	3.690181253698571
41	3	4.446587731585208
388	2	4.0079050688261795
530	2	4.2084950690917395
649	2	3.797978089290813
578	2	3.791371627608502
273	2	4.050110221677205
-- Hour 167
93	13	4.485859475087413
225	11	4.402184866511206
285	10	4.229862155876314
174	7	3.5545926175616054
109	7	5.15992753258743
825	6	4.302565667251218
489	5	4.174587167460869
530	3	4.209272058232479
757	3	4.032633239895085
41	3	4.46042449694471
649	2	3.819050950214039
388	2	4.026228403268405
704	2	3.8092436685791755
273	2	4.051079748816585
481	2	3.528086201389408
-- Hour 168
225	15	4.404208767915216
285	11	4.232278695122468
174	7	3.5547617573184644
489	6	4.17722480242233
93	5	4.4836988924836065
388	4	4.046586279461791
273	4	4.060849191694915
818	3	4.33781000411951
109	3	5.161691973317303
787	2	3.9744786511443486
530	2	4.207183129310458
704	2	3.8177658908721894
757	2	4.0304463244960385
12272	2	3.549694486502504
347	2	3.6570195512225974
1532	2	3.5302251737963988
664	2	4.105144075438689
-- Hour 169
1892	66	3.5954834594947642
285	8	4.234699171066979
225	7	4.406624480028661
489	7	4.182480494343442
388	6	4.083491914514235
93	5	4.484057099186276
825	4	4.308913473773745
818	4	4.3484174496337795
704	4	3.829661443277555
532	3	3.6253436624680755
174	3	3.5538946242071976
590	3	3.7313099490226627
109	3	5.162708766281975
530	3	4.209297666589626
1495	2	3.776364673301825
3271	2	3.5327695355195003
-- Hour 170
825	18	4.358581074729496
109	9	5.166849914186237
285	8	4.238533118973904
93	8	4.485588440820213
41	7	4.49469209721062
649	4	3.836313267378175
818	4	4.356834244099492
489	4	4.181534022898507
273	3	4.078967368751494
1511	3	3.667393221679671
757	3	4.034425049049072
530	3	4.20750402035254
1346	2	3.8546532847822665
919	2	3.6043573961509994
-- Hour 171
109	16	5.172758423753044
285	8	4.244663454202899
388	6	4.104883905447349
93	5	4.485588278893505
825	5	4.363788803500798
530	4	4.210149751830632
14	3	3.911722360596704
787	3	3.97707785364581
1210	3	4.433266110909839
556	2	3.6868368732346375
578	2	3.8243232609151123
590	2	3.7532169592044093
-- Hour 172
109	16	5.178134085743317
825	12	4.405109562422532
1210	11	4.429256836487862
530	6	4.214893666830088
1495	5	3.807438511533059
285	5	4.248491347042505
578	5	3.832257431452764
93	5	4.488678832590695
757	4	4.055754062486373
41	4	4.506603235780952
590	4	3.7831829338261342
787	3	3.978832827514584
2478	3	3.7319775523248717
489	3	4.1836258085361875
697	3	3.976222028587777
-- Hour 173
109	9	5.180658378077505
825	7	4.412319176570791
5153	5	3.5626325364530604
285	5	4.246211309951442
530	4	4.220744148027002
664	4	4.1341074958504525
2478	4	3.778405177072922
1210	4	4.433486375251304
584	4	3.515184486922621
920	3	3.5691479687659604
919	3	3.65763195181882
1499	2	3.5549146169323596
787	2	3.9821501062584987
-- Hour 174
109	6	5.184495398801407
93	6	4.488994030004668
664	5	4.17768211872785
757	4	4.093177226260275
1495	4	3.8190836067248903
1532	3	3.5578410832848193
584	3	3.549502323253487
48	3	3.5003771254469966
973	3	3.985483170894997
225	3	4.408972576970848
825	2	4.416462235268219
285	2	4.246576112541521
388	2	4.11804447675676
489	2	4.184212932332109
530	2	4.214043022164338
481	2	3.5444865008110744
727	2	4.018517998254373
-- Hour 175
530	5	4.229693662455274
285	3	4.245971160383492
93	3	4.490798061601476
1524	2	3.5131877930894326
973	2	3.9817668375245474
757	2	4.105276641430827
1210	2	4.4404423008874865
818	2	4.356567586317353
-- Hour 176
109	5	5.195642263435088
530	2	4.237285204338716
660	2	3.6349554798175254
973	2	3.9818896887683453
737	2	3.8098122262344627
275	1	3.569591577807776
20	1	3.620718646978324
225	1	4.4096355879306754
532	1	3.6175560392355846
93	1	4.491128305218818
2013	1	3.8494551095967244
1210	1	4.4444130835309075
-- Hour 177
5153	6	3.566334436636901
1742	3	3.5208164125861128
48	1	3.5068075517828574
1346	1	3.8780745260718357
608	1	3.911282300609142
225	1	4.4095296467026674
532	1	3.6236376731246
1524	1	3.52269744040606
2013	1	3.8441127976473632
489	1	4.185134497254233
2478	1	3.7963300971944554
-- Hour 178
973	3	3.982423486466007
275	1	3.5670968134600773
1511	1	3.6838667022442007
225	1	4.410063216864177
818	1	4.364658383740518
660	1	3.637723576927313
3271	1	3.5458469530955363
757	1	4.109010695350114
285	1	4.246693844956227
-- Hour 179
225	2	4.409766334544621
2013	1	3.840923345320307
17	1	4.2260207347912155
973	1	3.981631321578476
481	1	3.5688379137905257
174	1	3.556912762444323
-- Hour 180
489	4	4.189729918595739
285	3	4.248640318633266
109	2	5.1987151381551655
41	2	4.52533532781754
1346	1	3.8752615530576704
93	1	4.490616293780345
818	1	4.365325934207221
14	1	3.9156518476349995
-- Hour 181
489	12	4.186557107678456
93	12	4.493581997441087
285	11	4.254628508443585
664	5	4.166277913204
22105	5	3.503320166325925
109	4	5.202114216343065
530	2	4.24408863567797
451	1	3.523187677785785
1346	1	3.892508407689398
997	1	3.5208030822446603
-- Hour 182
1892	24	3.606196232231602
285	14	4.262880535356706
93	7	4.50191334616352
174	4	3.5566844237253172
1125	4	3.582940237599557
489	3	4.189557636305405
825	3	4.417931616862077
704	3	3.8603087333491497
12	3	3.5342861926503892
649	3	3.8420395718356697
14	3	3.91089308248822
388	3	4.134279929241204
973	2	3.9832828955369775
532	2	3.6327527942279705
1524	2	3.560631660845122
1210	2	4.4474452316476
-- Hour 183
225	16	4.407827313653833
93	11	4.509728688067764
285	9	4.270512617122166
109	7	5.202224879181033
489	5	4.191242939365676
704	4	3.86352184128291
649	3	3.8434630282461777
530	3	4.241939851921354
608	2	3.9154706819751803
451	2	3.516100628849693
9	2	4.187100214511381
12	2	3.534858481686099
594	2	3.9889530382291802
973	2	3.9820277283415235
-- Hour 184
93	11	4.517065187677229
285	9	4.275567432725004
22105	7	3.521300694366544
109	7	5.206731391438442
489	5	4.190025393494697
225	4	4.4065725783892455
2478	2	3.8130695747512084
20	2	3.624926577408762
532	2	3.6370469137793258
481	2	3.5739661740489197
697	2	3.979531171221051
1210	2	4.449847781246598
1532	2	3.5808527071860325
-- Hour 185
225	17	4.408420166269186
285	13	4.289334368156064
93	10	4.520359149588342
174	7	3.5529763822437985
109	6	5.211843637817855
489	5	4.190298461454589
1125	3	3.5820819175590253
704	2	3.8647339311476268
584	2	3.5585687451073293
664	2	4.167495802731824
825	2	4.4208685775107055
20	1	3.6339530089755554
-- Hour 186
225	15	4.40917907977524
93	8	4.52214447024557
285	5	4.290993200545791
489	5	4.191747408499361
109	4	5.216273905626336
532	3	3.62229104359398
664	3	4.192882740695359
174	3	3.5544205420548214
530	2	4.251659289756406
704	2	3.863489836024825
451	2	3.5289537149911627
727	2	4.033435928619958
973	2	3.9835579274675803
12	2	3.5372777889591007
697	1	3.985030751853795
-- Hour 187
225	10	4.406943557096152
489	7	4.196403163440591
174	6	3.5558720209085575
109	4	5.21812460727646
285	3	4.294944208134859
825	3	4.421245045081875
704	2	3.8688678106951317
388	2	4.1369452854459645
530	2	4.262741732379668
590	2	3.7950048752252155
347	2	3.7056137440837715
93	2	4.521648631403265
664	2	4.19391296489885
-- Hour 188
273	17	4.129774059840828
225	17	4.410091402860797
285	7	4.2989778905572
93	5	4.525355799769675
174	4	3.5541817524897197
489	3	4.1942010091209765
664	3	4.189356899532344
388	3	4.152040905190544
451	2	3.519527500159169
1346	2	3.929773303813239
41	2	4.559768977138849
704	2	3.8676634519347144
-- Hour 189
225	17	4.407922940259701
273	7	4.149841092859486
285	7	4.307450540043522
22105	6	3.561586985874019
174	6	3.553979424063088
489	5	4.19722927803719
530	5	4.271202374525626
93	4	4.528576208109916
109	3	5.220282048908193
1373	3	3.633808962115508
594	2	4.006100130441114
10	2	4.408864284561854
1125	2	3.5900974707437623
12	2	3.5429050214616717
973	2	3.9892790170112202
727	2	4.036612189749947
-- Hour 190
225	17	4.408917459221074
285	12	4.324795912877877
93	7	4.532576794181317
489	6	4.202274880177966
174	4	3.556978488881192
973	4	3.9842335070256314
109	3	5.221747563735466
590	2	3.7900089314571144
727	2	4.0455532295083385
22105	2	3.5722537098187233
660	2	3.658867306058691
17	2	4.230367674587892
481	2	3.5901705068918006
-- Hour 191
25965	37	3.6491566457572677
225	16	4.408061586964519
489	10	4.203433303518568
93	9	4.537194973361928
174	9	3.5559895498477085
285	5	4.327168709886821
727	4	4.0772039040823715
704	3	3.8785665182221414
109	3	5.226014036984324
664	2	4.189933729269722
530	2	4.275260655268799
532	2	3.626076149891324
1524	2	3.5558731527194505
818	2	4.370745719143921
1125	2	3.5887765631401027
-- Hour 192
225	15	4.4087975174901715
109	10	5.236655664795945
489	9	4.208815932292926
285	6	4.326300359531072
93	4	4.539488343833495
174	3	3.557170479339966
594	3	4.010721173856481
530	2	4.276532715300544
787	2	4.002592787351064
988	2	3.5018823084186876
973	2	3.981982126559532
2013	2	3.8541731270614474
2035	2	3.5322014995753586
532	2	3.626655510922198
-- Hour 193
109	13	5.248372992939781
174	8	3.555841656602191
225	6	4.408182411842507
489	5	4.20568411198407
1210	5	4.47002970046116
590	5	3.811514398589051
920	4	3.620121493242162
704	4	3.8854675292609104
530	4	4.282781852930332
649	3	3.8576960433003844
532	3	3.6344619774978995
578	3	3.871501198435111
22105	3	3.57916324310493
825	3	4.422211669814265
727	3	4.093581217560238
1499	2	3.617477133221671
388	2	4.145229501729722
41	2	4.563782235982455
93	2	4.54069406776851
-- Hour 194
93	14	4.542111297001162
109	12	5.2563590664205435
285	10	4.330029503543422
489	7	4.212382712405119
174	5	3.554079096081654
530	4	4.300416428971972
2478	3	3.8637486518841806
481	3	3.612253087677704
608	3	3.945157722526644
737	3	3.8190661789793525
524	3	3.51292200261656
1495	3	3.8643844653744264
825	3	4.429765369241445
664	2	4.194885575452957
532	2	3.6279318344650875
594	2	4.016551402918678
-- Hour 195
825	13	4.448603702497368
109	9	5.255744816932916
41	9	4.569864125575524
93	9	4.546846341086617
489	8	4.215432576136821
664	7	4.244072475149768
1495	7	3.8950679137444566
530	7	4.299784857905811
577	6	3.50464056719155
285	5	4.331201258220922
1210	5	4.4835858424306965
757	4	4.1553094753727455
1346	4	3.9295949694087158
594	4	4.048530969929559
590	3	3.8115226890016323
649	3	3.8744902434604835
1394	3	3.6069677305725403
1138	3	3.511036938328218
818	3	4.389138483349732
1011	2	3.521852148670209
1524	2	3.5965438363436744
578	2	3.8884590414568545
-- Hour 196
1210	33	4.5069835113019225
109	12	5.263680697985806
285	11	4.335931732601023
530	11	4.3207700884666345
388	6	4.183986802070084
1214	6	3.572308797177182
926	5	3.5175591519959117
825	5	4.460900247661508
2344	5	3.5087643890692384
1495	5	3.9007225997735455
1742	5	3.5721484086494786
1532	5	3.6304869695687576
697	4	4.021895928436786
5153	4	3.5632860810691853
93	4	4.549331843269941
920	4	3.637114559330648
578	4	3.8950618109742474
577	3	3.505422246053823
14	3	3.9586686368152186
584	3	3.6050991390659375
757	3	4.158437711036685
594	3	4.058975768145129
41	3	4.581081146241901
17	3	4.249642954260595
-- Hour 197
109	13	5.266705212759674
285	6	4.336746198901585
577	5	3.544564794605491
2057	5	3.5103880721250116
5153	5	3.5794850627661563
1495	5	3.917246652209453
757	5	4.170857832527764
93	5	4.548525982316999
825	4	4.465785002039056
1138	4	3.5492271780810802
787	4	4.029236283845214
524	4	3.551612753309218
594	4	4.069506162372273
818	4	4.39235203748546
388	4	4.190334266678052
2625	3	3.5531393687986172
17	3	4.269507438144322
608	3	3.95024734984901
2478	3	3.9067523012925096
664	3	4.257887787131238
41	3	4.583458364026559
1524	3	3.604479867725979
1210	3	4.504249368304814
9	3	4.187049437359866
926	3	3.5495481739179926
37	2	3.961949366127968
530	2	4.322822591347076
649	2	3.8766040694655364
1346	2	3.9624486236733274
919	2	3.7858737560602065
-- Hour 198
109	16	5.276241862273485
825	7	4.473945179543956
285	6	4.337042145560711
1532	6	3.6563238914067426
530	5	4.335981483989896
5153	5	3.5616713001328595
1210	5	4.507542587456461
988	4	3.5444136521819853
93	3	4.55110103298028
578	2	3.9115739229280253
1495	2	3.9302578345135832
608	2	3.9527101923295174
275	2	3.6182163085519417
1011	2	3.5418166894213003
41	2	4.595706793879124
1373	2	3.7112221480753056
590	2	3.8067545881982925
664	2	4.252398135972653
-- Hour 199
109	10	5.282349748797925
825	10	4.503261114990732
1210	10	4.542099491931097
1532	6	3.6545194284666715
5153	6	3.5625175636915527
1639	5	3.762546801163787
757	4	4.197393869912209
1495	4	3.9534544578843525
93	4	4.55362575793654
556	3	3.8029720570259173
41	3	4.60813109138937
530	3	4.34317289428184
608	2	3.968210931957405
546	2	3.760366169566707
1125	2	3.611690098456992
489	2	4.212578358382602
-- Hour 200
1210	53	4.568989807958855
825	17	4.526809772896094
1495	6	3.9809770867239846
6240	6	3.5142117366135333
1639	4	3.7779622633598753
41	4	4.611437918316913
93	3	4.55929570243284
917	3	3.5179541142669533
818	3	4.394591297181785
727	2	4.100614309755129
556	2	3.817922798906517
2035	2	3.579372827215235
109	2	5.282091402002946
2057	2	3.535465189537537
481	2	3.656755572229317
-- Hour 201
109	3	5.2822825074155535
17	2	4.26762083945094
225	1	4.409720460781029
93	1	4.56056773968533
825	1	4.527064588343083
1210	1	4.569482605646598
388	1	4.1909948071934915
530	1	4.343374296817411
973	1	3.9814837210195124
787	1	4.048759325875068
9	1	4.194909661391718
-- Hour 202
2057	1	3.5574207921733345
-- Hour 203
285	2	4.337854486188636
109	2	5.2854066445033245
93	1	4.560227477804883
1210	1	4.575360483628789
818	1	4.40643793574495
481	1	3.666490286402442
919	1	3.790056617755645
-- Hour 204
285	17	4.349337232662
93	14	4.565364312136813
109	4	5.285049865486172
1210	4	4.584687041121191
649	3	3.8846048651744365
9	3	4.192954432438308
1125	2	3.634727978086449
17	2	4.270863203408181
1346	2	3.9832485115515675
973	2	3.985238802066936
1639	2	3.7984223112815223
601	2	3.5581211679910774
489	2	4.212740529938392
2344	1	3.5252737887241428
20	1	3.6271963504241476
2057	1	3.5559674310379736
174	1	3.55838920759565
608	1	3.97906603675436
697	1	4.024191818041352
919	1	3.796845005899626
-- Hour 205
93	13	4.567974335994638
285	8	4.351020374561856
225	5	4.414572053421981
14504	3	3.582370685873013
109	3	5.284716378315079
973	3	3.985584734257618
825	3	4.538335475134816
489	3	4.2121468622114655
14	3	3.973010809742186
649	3	3.8930807753147643
697	3	4.068907686332949
601	2	3.5715166877366316
222	2	3.508795045018347
917	2	3.5498441492789485
26	1	3.509419980771889
-- Hour 206
225	14	4.417021124465459
285	9	4.35645687520194
93	8	4.568140427680874
109	5	5.287740656328832
174	3	3.5600242833387723
645	3	3.5019134390248787
664	3	4.267258448366119
584	3	3.6357143096379407
926	3	3.5639391455426574
1524	2	3.6802084850173147
530	2	4.346643654196526
48	2	3.6331988093340946
9	2	4.1893860464680674
778	2	3.5145830982610753
489	2	4.213055668778669
704	2	3.893120637223063
20	1	3.627169775559927
-- Hour 207
93	14	4.57274764630973
225	9	4.417756192454034
285	9	4.359855305116049
489	6	4.2160370584296825
109	6	5.2921196278885025
174	3	3.5597095168535082
1210	3	4.5943892268482
608	2	3.9918013230718477
451	2	3.525341979132045
664	2	4.286614486077835
-- Hour 208
225	19	4.4177261313234775
93	11	4.574375316231502
285	7	4.36186363192885
489	5	4.221182491473749
1210	5	4.604576842611394
174	5	3.557908134629692
109	4	5.293235456230713
664	4	4.30475625602776
697	4	4.116200025045106
608	3	4.021324672072323
649	2	3.8947189977330847
275	2	3.6689942409590826
660	2	3.6842789040549784
825	2	4.540278587689315
-- Hour 209
225	16	4.416686732173896
93	11	4.577064417587595
285	9	4.365833382843642
174	8	3.554114212415714
489	5	4.225702670427766
109	4	5.2969270554677035
2478	3	3.9166720479765456
532	3	3.6231884040237667
649	2	3.894982844439687
601	2	3.579295622967212
1011	2	3.543528100084514
1820	2	3.5316012803179913
818	2	4.417007896819316
578	2	3.9308351008977107
594	2	4.093780295531846
-- Hour 210
225	16	4.417287919375091
273	10	4.158194965431378
285	8	4.371015928914511
489	5	4.229506482471596
174	5	3.553452622021262
93	4	4.578949252169982
388	3	4.198005786414091
109	3	5.2970614379466054
973	3	3.9886655645217455
664	3	4.311956312082036
988	2	3.5767646299212243
2035	2	3.5964562911989675
-- Hour 211
225	17	4.416463015953245
174	6	3.5523255996718914
825	4	4.554834376034512
737	4	3.94779680993713
285	4	4.372493580745739
17	3	4.280825469169946
109	3	5.298931007095534
93	3	4.5801177755169
532	2	3.629690632203335
530	2	4.355873612383436
988	2	3.5767567336760893
489	2	4.230060875865551
664	2	4.318479392779144
704	2	3.8944212449529387
-- Hour 212
225	18	4.42165652313201
319	7	3.952682895330018
489	6	4.2322485981060725
109	6	5.299512490538593
285	6	4.377333770272245
697	5	4.140133775947123
17	4	4.293351606006228
174	3	3.551603130139583
704	3	3.8967310764484626
93	3	4.579238689883267
530	2	4.358735796582988
818	2	4.419857214996365
1820	2	3.5393574150579954
594	2	4.1133591577149815
973	2	3.993296093846882
1125	2	3.669058927855622
-- Hour 213
225	14	4.418208694963537
285	11	4.378560477613748
273	9	4.163906179018269
93	7	4.584116545409107
109	7	5.303746585321587
9380	7	3.528859790977126
489	6	4.231979343801888
174	6	3.552413848025278
549	4	3.5392123772590764
524	3	3.6282825604055473
26	3	3.5479326891480003
530	3	4.364971368730371
1524	2	3.7152815839651048
578	2	3.95952998086987
532	2	3.6348493909178354
451	2	3.523420542408914
2035	2	3.592921277718563
2145	2	3.555814163743852
2953	2	3.527663038857108
-- Hour 214
225	11	4.416607201724088
273	9	4.17530865245778
109	9	5.310301185947346
489	5	4.233938031598912
93	5	4.584235191038869
818	4	4.429150622726612
174	4	3.555769076253549
594	4	4.119703289323553
530	3	4.361900619551882
285	3	4.379409717642454
388	2	4.2084822619499995
825	2	4.565138651244557
778	2	3.530166726005792
3271	2	3.5590501994515384
660	2	3.6995239984991537
973	2	3.9942027574864047
-- Hour 215
225	16	4.417000516620599
109	7	5.315582605638265
530	6	4.376513583854269
174	5	3.5578439488460427
285	4	4.381287978610526
388	4	4.21396766146043
489	4	4.232010083401181
93	3	4.587540905355799
778	3	3.5276792948667457
704	3	3.902835370904422
26	3	3.556572352411557
578	2	3.969747970825065
727	2	4.106783759835608
481	2	3.6982772670882884
973	2	3.996438417296376
-- Hour 216
93	9	4.586749677495968
489	8	4.232404164154677
174	7	3.5579979630512315
285	6	4.384571407880658
109	5	5.315662897607569
2035	5	3.6669934489770277
926	4	3.6202078894279768
818	3	4.430232522823642
1210	3	4.6106992944452845
727	3	4.111111291205342
481	3	3.7403125889204123
973	3	4.000095329379017
22105	3	3.57223328546783
577	3	3.550288063709917
988	3	3.5857972179832256
1532	2	3.6688688388205373
704	2	3.9037887497708943
649	2	3.897250252925313
388	2	4.231327164322136
14	2	3.9915097610915833
-- Hour 217
489	13	4.238522142433777
109	12	5.315379998881552
285	7	4.387193763529006
818	7	4.439163816191913
93	7	4.590878160369025
225	6	4.417197501693972
174	5	3.558709905135105
546	5	3.7825723840644025
2625	4	3.650606163065634
660	4	3.7036943953070405
973	4	4.000968824621961
649	3	3.9100166024367335
1627	3	3.5067858949040653
530	3	4.378453126401602
1346	3	4.007810364795216
613	3	3.726318909871093
787	2	4.05883467555108
388	2	4.2320628854436535
532	2	3.627557483014211
664	2	4.336746467139867
2145	2	3.5880948058089834
-- Hour 218
27983	18	3.5516215153928807
109	12	5.31932104966617
285	7	4.3864567092793845
649	6	3.9252686102141414
5153	6	3.5834294628921315
2625	5	3.677929626405806
41	4	4.6604434618297175
489	4	4.2395429196037835
1210	4	4.618242089607895
93	4	4.592479536919238
530	3	4.380768656951578
926	3	3.6244197514906884
778	3	3.541323902918856
973	3	3.998438114752321
1742	3	3.6145878111594247
48	3	3.6939316873830785
78	2	3.662264764260345
2864	2	3.565450557903826
-- Hour 219
5153	11	3.566371834950299
109	11	5.319117327456688
93	10	4.5955294826251984
285	9	4.390309888328972
1210	9	4.623011513723751
664	6	4.36413011456353
27983	5	3.610275238678108
481	5	3.7642104701085493
41	5	4.659390291944413
988	5	3.612629453729398
973	5	3.9941703874250303
926	4	3.6454426373312647
1346	4	4.01906100726736
727	4	4.125163145246141
388	4	4.228026189964914
920	4	3.7149605265375625
818	4	4.443915751649011
1270	4	3.5638060695104548
1138	4	3.586127486588511
530	4	4.388075798676074
9	3	4.221893309887962
649	3	3.9148990833018114
1373	3	3.758226253315397
594	3	4.1377210367737565
12	3	3.632085027715069
778	3	3.5573911422820332
697	3	4.172696698601674
2344	3	3.601508747813434
17	3	4.328776187629469
578	2	3.9755297823862796
-- Hour 220
109	8	5.3230709790002315
388	7	4.233518474721998
225	5	4.419592704099235
2145	5	3.6999801768586105
973	5	3.992194372572674
825	4	4.58634646257914
93	4	4.598191045784994
727	4	4.129486848058297
41	4	4.656570724241155
530	3	4.393548001730076
285	3	4.394066548483733
919	3	3.8876500646872985
649	2	3.918567253352732
601	2	3.642276092933908
920	2	3.7369055987325446
578	2	3.996332139168542
2028	2	3.567188742220166
481	2	3.7729404156815076
273	2	4.170008933262105
524	2	3.6586509600285657
594	2	4.137136635122316
26	2	3.555104546173025
275	2	3.722302210279761
-- Hour 221
93	3	4.599654415224595
489	2	4.240792983701889
48	1	3.6927168902636573
174	1	3.5581836702641065
2057	1	3.616506653986143
608	1	4.083812012549451
660	1	3.696318183609883
109	1	5.324687566132607
12	1	3.6309040160621833
9	1	4.239573579556727
285	1	4.393934746352132
-- Hour 222
285	10	4.399225326620059
649	6	3.9235558284816174
973	5	3.9935897802578513
225	4	4.425255875992394
645	3	3.506284820785781
174	3	3.5603035689589615
778	2	3.557606237501955
109	2	5.324837244722156
664	2	4.360487833636935
9	2	4.231536572095044
530	2	4.395366363695868
1627	2	3.5296763524083756
489	2	4.241465631957512
697	2	4.175828682619697
93	2	4.600486343618642
1125	2	3.692294397907498
2344	1	3.634647911461947
20	1	3.638363590834268
737	1	3.9565353297524557
-- Hour 223
285	19	4.400132468932009
93	9	4.6056976251372586
660	4	3.68667521005073
109	4	5.3275512227269886
973	3	3.9934885983271213
225	3	4.426862781416418
489	3	4.243665581557812
388	2	4.232725021662316
919	2	3.9044965073460616
9	2	4.228872506247787
1346	2	4.009564303233705
17	2	4.33365088633876
664	1	4.3589369862544
2344	1	3.6548816270817865
2057	1	3.603588200823792
549	1	3.5646079012126073
601	1	3.641252182595432
-- Hour 224
225	16	4.426562405542796
285	8	4.398872414389201
109	6	5.329397140875871
93	5	4.606058848581797
973	4	3.997399621686133
818	3	4.4427410009617905
926	2	3.649071283907938
757	2	4.253871427882761
613	2	3.7479106943737985
388	2	4.228104609241494
174	2	3.5620873037091374
1373	2	3.760740694438987
1125	2	3.706749559711153
489	2	4.241953095417985
825	2	4.593258135181027
697	2	4.193041589066617
26	2	3.584292712938025
2035	2	3.6811328524355797
-- Hour 225
225	15	4.427405860851144
93	11	4.609166004432648
109	7	5.334718444813342
174	7	3.564520071211448
285	6	4.3972381100721405
17	4	4.342381170631163
489	4	4.242366016773668
920	3	3.754721299537
532	3	3.638856823237755
660	3	3.6914157731955366
12	3	3.662095678689599
737	2	3.959730549441202
818	2	4.449502952190497
1346	2	4.018578542652346
41	2	4.672268992711103
594	2	4.134266629987848
2013	2	3.93668722463658
727	2	4.135001865096435
451	2	3.520446868924856
-- Hour 226
225	19	4.429226861114198
285	14	4.407889897264547
93	8	4.609902204341363
109	7	5.335624486048145
174	6	3.562359951689951
649	5	3.9183244877316588
664	3	4.361258104790853
660	3	3.6943865332863917
973	3	3.995488518750483
919	3	3.923275262484762
825	3	4.5948597624459016
489	3	4.24179141524904
2028	2	3.564179825500484
41	2	4.675585161100881
727	2	4.1365248418158425
50	2	3.677690801147358
273	2	4.169295227895826
601	2	3.6554280493346076
-- Hour 227
225	22	4.4327733330358265
489	11	4.242956443157261
109	9	5.339944790600864
93	5	4.611013758603371
174	5	3.563007628182695
285	5	4.409752600842506
973	4	3.995940826016921
532	4	3.6297053447927206
818	4	4.46406320952101
530	3	4.3976598777864675
757	3	4.264677462611779
14	3	4.040423418208993
660	3	3.695827903266032
584	2	3.699971013916436
388	2	4.236284681063326
645	2	3.5407467785057642
273	2	4.1694520983269445
50	2	3.7023182326264275
2013	2	3.9521653661852794
-- Hour 228
225	15	4.435617642743959
489	12	4.248071020004818
285	7	4.414794810515141
594	6	4.1538398432339685
174	5	3.5666223470865663
93	5	4.611751228513827
704	3	3.911606498794761
818	3	4.478272471075491
273	3	4.172286291345179
1214	3	3.7454383979586017
1210	3	4.622262660503675
109	3	5.341783341009898
546	2	3.8121131635457184
14	2	4.047770079390092
530	2	4.397889594287074
664	2	4.361075792614245
1529	2	3.522678999741644
2953	2	3.5229849867391776
727	2	4.135659213068734
660	2	3.695265729294927
827	2	3.6465453419809712
973	2	3.9933986137142994
825	2	4.600777967455254
12272	2	3.5898999791888393
-- Hour 229
549	13	3.6163252460608404
489	11	4.2505271248546626
225	11	4.4342687600184805
93	5	4.612778819846493
973	4	3.991306171663511
174	3	3.5659791369355855
37	3	3.956425828289592
451	2	3.509472578800407
2625	2	3.6855372400569237
704	2	3.913456805437162
388	2	4.244600915513479
1627	2	3.541896311644224
1214	2	3.7862532217578018
41	2	4.673449155345752
664	2	4.369361463308869
3271	2	3.575779004427608
48	2	3.714812254400171
17	2	4.33998490442092
1210	2	4.623968332049665
2035	2	3.6946622238074176
1511	1	3.813386182014665
14504	1	3.613540783389296
-- Hour 230
489	14	4.247112446421887
225	11	4.434549758932361
285	6	4.414577654766837
973	5	3.9891979200635554
109	4	5.34914925554196
1214	4	3.8439634657520725
174	3	3.564920981068708
825	2	4.611060906433821
222	2	3.539565715373546
93	2	4.615274706767104
41	2	4.6793469232043625
3271	2	3.5802993894164916
273	2	4.1691180243367985
-- Hour 231
32021	73	3.5621630403455846
225	18	4.4367285576582915
273	12	4.186653573729548
174	10	3.566423132620639
109	7	5.351300637955743
489	6	4.2486803415817045
285	5	4.418652907308602
601	4	3.706995705416512
704	4	3.9260214341188933
93	4	4.617153873755896
1210	3	4.6298795988400645
973	3	3.992284173231806
388	3	4.2491584611949325
649	2	3.918189131057337
818	2	4.480772511370606
988	2	3.6403985231965814
26	2	3.6118435043532617
660	2	3.692123478693287
697	2	4.2085174227453255
827	2	3.6403500546360714
778	2	3.569564898956013
825	2	4.607577911552278
-- Hour 232
489	14	4.252101880242006
225	10	4.435176580874936
9380	6	3.5821833063556854
174	6	3.564771016268808
825	5	4.602549430910119
32021	5	3.553989041824109
530	4	4.402429338363187
41	3	4.685887168024839
109	3	5.3519669515937
285	3	4.420882115617478
1210	3	4.637234780025305
973	3	3.994696291164949
649	2	3.9190019485023533
578	2	4.031445550269549
1346	2	4.048769170833318
556	2	3.8775127615619898
388	2	4.247035704799948
1627	2	3.5689873332549333
481	2	3.793070555468372
727	2	4.139739248590573
660	2	3.6950360463517566
17	2	4.34305999115705
273	2	4.188407019448279
-- Hour 233
273	23	4.210023914859798
225	16	4.437764386473862
489	9	4.254548324136463
174	8	3.5624749633510997
109	6	5.357875756526171
41	5	4.698961120431169
2625	5	3.7273279935600363
988	4	3.6747848079922476
825	4	4.598967146958517
530	4	4.409844751891419
285	4	4.423486572899824
778	3	3.5680524489723284
973	3	3.9959328657619535
2013	3	3.9990305955124583
1627	2	3.606383451646628
594	2	4.176750489654167
481	2	3.804004344618403
727	2	4.1382640697241335
93	2	4.619524451713354
-- Hour 234
489	12	4.261985348988513
727	8	4.137673255269805
174	6	3.5640320603259923
973	6	4.000242279290462
109	5	5.361679615456603
778	5	3.6110217466090533
704	4	3.934408378071565
818	4	4.48892722323966
285	4	4.4255604791527245
664	3	4.3759038602898555
17	3	4.351672268826181
825	3	4.602783649929959
920	2	3.8024004714783186
498	2	3.7744840348747566
225	2	4.437621141235956
590	2	3.842305473583495
93	2	4.619900986417106
1214	2	3.8533095347667055
608	2	4.123086933360985
-- Hour 235
1892	77	3.658554530429993
489	12	4.268030114370486
109	8	5.3661550293055855
825	5	4.606923756140413
93	5	4.623127370309149
225	5	4.439507699775463
827	5	3.6938365073434754
285	5	4.425611105694788
973	4	4.000465934610947
41	4	4.704543731355312
926	4	3.672362803117356
546	4	3.8427023386637593
1138	3	3.6091222185650658
2478	3	3.9789773147857965
532	3	3.6321976688731064
988	3	3.682243047702463
388	2	4.261785599935757
530	2	4.417853716802662
577	2	3.587570076706014
1532	2	3.7425231400046766
920	2	3.8190879608136896
1011	2	3.6232216457850197
-- Hour 236
32021	27	3.5664944261226106
109	17	5.378014854800434
825	12	4.61590366754382
285	11	4.42957772067448
489	10	4.273610659265154
530	6	4.42072239676367
41	6	4.719381390291785
1524	6	3.7823630684512515
388	5	4.269285712319657
757	4	4.283593435470471
1210	4	4.64223165054604
93	3	4.624859886679426
1495	3	4.012328595459084
1394	3	3.7229780791725076
2035	3	3.732232304616591
660	3	3.703013869463723
12	3	3.6867388376348997
818	3	4.490470347372024
17	3	4.364226975355405
584	3	3.732046999773738
3416	2	3.522446870975339
1184	2	3.5204167133017004
1414	2	3.5424099655167387
-- Hour 237
1786	28	3.5446042278711682
41	19	4.738045138283774
825	18	4.6408813742687975
109	16	5.375484875562147
5153	10	3.5617596505152895
1210	10	4.65342439064261
1495	8	4.032551458820107
93	7	4.625789093467133
1532	7	3.7651368385221646
1243	7	3.5902314615279063
649	6	3.934340780251419
818	6	4.5078012812542
1524	6	3.8034066746215944
489	6	4.275878401280391
2625	6	3.7601951637340436
1138	5	3.6102658883327274
727	5	4.153071310205313
973	4	3.998344551981833
1011	4	3.6616852367359733
530	4	4.425182986428171
578	4	4.0780211318675015
285	4	4.430520831619203
986	4	3.5611247474132113
645	3	3.618086537578236
-- Hour 238
109	25	5.380769640096013
93	10	4.628090988712748
1495	9	4.061288513843184
1210	9	4.661757747000707
1243	8	3.653862528756095
825	8	4.645295537002402
1786	7	3.5481137849548836
530	7	4.424541507621581
649	7	3.956179028380761
32021	6	3.5890378070387126
41	6	4.7346756040606754
388	5	4.286044967726577
2145	5	3.7534266721086045
1394	4	3.763199707830471
17	4	4.374786636428391
285	4	4.431426458478214
919	3	3.9800544964727114
166	3	3.555183319096559
973	3	3.995913671530017
660	3	3.7021499509699094
6240	3	3.5689966673092166
1532	2	3.7781329542428415
37	2	3.9587983758646828
3416	2	3.5143105775224805
1346	2	4.069187358843876
-- Hour 239
1786	13	3.586547099626034
1210	11	4.673576205682079
109	9	5.387399172426062
825	9	4.651102700606237
41	6	4.7552435561241175
1495	5	4.103036290023973
649	5	3.960938905322152
93	4	4.6282993094234115
273	4	4.204249979888334
530	4	4.425268348719685
1243	4	3.667336124499359
578	3	4.096596519678898
1524	3	3.818640543309564
973	3	3.993259905205779
926	3	3.690637460999414
737	2	3.9877956641443637
1943	2	3.621248253656841
590	2	3.8676559486433733
2028	2	3.589011038057464
-- Hour 240
32021	27	3.541471428353529
109	11	5.396255443916857
285	5	4.433056339111098
530	3	4.426305074544584
757	3	4.293979614980063
524	3	3.70779426262351
973	3	3.9945267873312855
1270	2	3.631751307156161
2344	2	3.7742644974968003
3416	2	3.527208328290793
1138	2	3.6400575836764886
914	2	3.8150048873157982
660	2	3.7091677625626387
93	2	4.628977895307957
1786	2	3.592357249789203
48	1	3.7605612115663565
1511	1	3.8591165845686755
601	1	3.7254104843092692
-- Hour 241
32021	20	3.534483608893655
109	5	5.398197503672872
973	4	3.992218395589981
530	3	4.430537468080018
664	3	4.390782971358573
818	2	4.506804997995994
285	2	4.434214139750858
9	2	4.248160411565563
524	2	3.712538612705277
174	2	3.566233342554345
2344	1	3.811202947442291
1532	1	3.778065980122791
1138	1	3.6375713175938107
1943	1	3.6264575529424716
988	1	3.745544306459302
-- Hour 242
973	3	3.9975059982571897
225	2	4.442068050253937
12	2	3.678321823427994
1529	1	3.531693218546581
1184	1	3.577307557519175
388	1	4.29887220755267
818	1	4.508119164775588
1786	1	3.5962072846415953
524	1	3.719687276616354
41	1	4.756765309498748
-- Hour 243
2057	2	3.6967196483316895
697	2	4.226512238518905
6530	1	3.5024625146784842
3416	1	3.5489170202271807
225	1	4.442029678634283
532	1	3.6333785892299506
489	1	4.281412248205556
1499	1	3.765035179160267
1786	1	3.593192937152714
530	1	4.432355293306961
973	1	3.9982111844735613
109	1	5.398568149727804
78	1	3.701652274398303
757	1	4.292144619609913
9	1	4.259545173178332
1373	1	3.7915584192441867
727	1	4.159054638306739
590	1	3.8695214680361065
275	1	3.8104358565183243
-- Hour 244
973	4	3.9986949748113307
489	2	4.282156664314725
225	2	4.443166931213475
2057	1	3.695344156323685
1511	1	3.858587661549206
93	1	4.630072421010445
1210	1	4.677450663882167
109	1	5.399338778722626
546	1	3.8492781567392425
594	1	4.224141272879194
-- Hour 245
285	7	4.4365984458011845
225	4	4.447051665074923
489	3	4.281165938403844
1786	3	3.583868392126544
645	3	3.6317828205694376
50	2	3.7352806481618233
973	2	3.99722229338141
660	2	3.7029587218592166
3295	2	3.50581383325351
2057	1	3.693977063798043
613	1	3.781472782495103
1627	1	3.6113532486142144
26	1	3.666747961886798
608	1	4.161609571663263
737	1	4.003985372763241
1524	1	3.8284577945036267
93	1	4.630384671786561
1184	1	3.5909842641664493
2478	1	4.017426416517629
-- Hour 246
285	12	4.440605777104383
93	9	4.6310058368273594
109	4	5.398333224444823
3295	4	3.5191578605573373
489	3	4.279620484207955
1862	2	3.616892164024367
973	2	3.996291421961178
222	2	3.558612237329381
524	2	3.729780949607995
14	2	4.090671396308436
818	2	4.5097953401691955
2013	2	4.006421525788531
166	2	3.5681074503366492
1820	1	3.588437077407856
1495	1	4.109087238787389
1386	1	3.5679740979575354
225	1	4.447260310251145
737	1	4.004292273335196
1414	1	3.575932300058639
-- Hour 247
285	21	4.449749584102312
93	14	4.631700981511483
225	8	4.4501169860185525
1786	5	3.5800736828809465
973	4	4.0013721890573395
489	4	4.279724211466102
3295	4	3.540387410745541
645	3	3.6291154683431213
109	2	5.400741168213885
590	2	3.8720480652077236
664	2	4.387792479137393
498	2	3.8099217551128564
9	2	4.266535952240552
41	2	4.760229781910597
2625	2	3.7708051887590095
524	2	3.731985238069124
660	2	3.70259265393701
17	2	4.383881596952425
388	2	4.295118138286645
14	2	4.099251437957566
1511	2	3.871798057781361
26	1	3.679797668050752
48	1	3.770716912106561
-- Hour 248
225	15	4.449423305354571
285	10	4.451306976784374
524	10	3.729916176945811
109	9	5.402945499834223
489	8	4.282363448579973
93	6	4.631684599608075
1786	5	3.5810986254804456
757	3	4.29426400886386
3295	3	3.5320746172130764
704	3	3.94141561080849
973	3	4.002624963288018
531	2	3.5036932946176895
174	2	3.570133684648168
1511	2	3.8747204127767905
530	2	4.43490046122075
1666	2	3.5951741910058583
727	2	4.165512402038999
1125	2	3.722163408240325
20	1	3.681999048254946
1627	1	3.62212946288361
-- Hour 249
93	13	4.63627179449619
225	13	4.449597307747262
285	11	4.460085130154607
489	9	4.282510437722246
524	8	3.711525309886812
3295	6	3.543392851922322
109	5	5.405854752716001
704	4	3.9570757380186476
41	4	4.774920466293596
273	4	4.203811189449242
498	3	3.8298964161870646
1786	3	3.586325138384552
649	3	3.9711517138043826
645	3	3.6335314135325567
1627	2	3.6479398934125893
590	2	3.887339905315562
727	2	4.16971463609184
20	2	3.6853931200719
174	2	3.5704845258798947
973	2	4.002706641578009
2478	2	4.021901673193268
-- Hour 250
225	20	4.449961461161721
524	14	3.742697133996355
93	11	4.639853535358785
285	7	4.464140244845361
645	6	3.643763096204972
174	6	3.5715140389312694
3295	5	3.5476298263541053
1138	4	3.6525510190971042
489	4	4.283019686769737
649	3	3.9728828970369663
109	3	5.404566179963301
1786	3	3.596926261326127
704	2	3.9746093237182416
1511	2	3.881097236232732
608	2	4.186299321036347
778	2	3.613293404496752
48	2	3.7794068191599868
-- Hour 251
524	26	3.756253076190468
225	15	4.4500187035127645
285	11	4.468966077348784
174	7	3.572079007453862
489	6	4.284666190835601
109	5	5.406152477181593
93	4	4.639196823252514
532	3	3.626636925599826
649	3	3.97842345499546
818	2	4.52076380654955
388	2	4.307133518992328
498	2	3.844127047798295
664	2	4.399136330331778
997	2	3.684980397116775
41	2	4.78292732907908
1373	2	3.837274980817401
973	2	4.000354065195614
273	2	4.204340013412523
2013	2	3.9922356404526083
1742	2	3.7041414931549586
-- Hour 252
524	22	3.7585573749495382
225	19	4.449733279470834
174	10	3.573774518807994
273	10	4.209232092091225
285	10	4.4684453499920975
489	7	4.286696619280145
93	6	4.641275505792067
1138	4	3.6426577765100308
1786	3	3.610807758121044
973	3	4.0018055619213335
594	3	4.242116335699635
613	2	3.781860792298177
1524	2	3.862775316691727
649	2	3.982068645845292
727	2	4.176947222874505
2145	2	3.802206797319617
109	2	5.406127964204254
481	2	3.8432649405854113
3295	2	3.5420488327249564
-- Hour 253
524	11	3.759546065652485
225	10	4.450410163077538
93	8	4.644578834696225
273	8	4.212060278499234
109	7	5.410052370727319
489	6	4.29140834327603
388	4	4.319484385728213
285	4	4.470379055321599
1138	3	3.6551219738680953
1786	3	3.605564398464919
594	3	4.257840488651728
2478	2	4.022911574712476
532	2	3.632184917561199
664	2	4.402253119057373
1943	2	3.6594760595026656
608	2	4.19004869081125
818	2	4.520364507088034
41	2	4.785735415817423
481	2	3.839311257846359
17	2	4.392824776977187
973	2	4.000159901002142
825	2	4.658945940441422
2013	2	4.015146663739392
1210	2	4.680416469473644
-- Hour 254
32021	20	3.534483608893655
109	5	5.398197503672872
973	4	3.992218395589981
664	3	4.390782971358573
530	3	4.430537468080018
285	2	4.434214139750858
818	2	4.516553870446592
174	2	3.566233342554345
9	2	4.2435926525670835
524	2	3.712538612705277
1532	1	3.778065980122791
1138	1	3.6375713175938107
1943	1	3.6264575529424716
988	1	3.745544306459302
